01110
10001
10001
11111
10001
00001

11110
10001
11110
10001
11110
00010

01111
10000
10000
10000
01111
00011

11110
10001
10001
10001
11110
00100

11111
10000
11111
10000
11111
00101

11111
10000
11111
10000
10000
00110

01111
10000
10011
10001
01110
00111

10001
10001
11111
10001
10001
01000

01110
00100
00100
00100
01110
01001

00111
00010
00010
10010
01100
01010

10001
10010
11100
10010
10001
01011

10000
10000
10000
10000
11111
01100

10001
11011
10101
10001
10001
01101

10001
11001
10101
10011
10001
01110

01110
10001
10001
10001
01110
01111

11110
10001
11110
10000
10000
10000

01110
10001
10001
10101
01110
10001

11110
10001
11110
10010
10001
10010

01111
10000
01110
00001
11110
10011

11111
00100
00100
00100
00100
10100

10001
10001
10001
10001
01110
10101

10001
10001
10001
01010
00100
10110

10001
10001
10101
10101
01010
10111

10001
01010
00100
01010
10001
11000

10001
10001
01110
00100
00100
11001

11111
00010
01110
01000
11111
11010
